0 0.013672 0.025391 0.027344 0.050781
0 0.441406 0.022461 0.261719 0.044922
0 0.512695 0.083008 0.201172 0.146484
0 0.666016 0.055664 0.105469 0.111328
0 0.678711 0.002930 0.177734 0.005859
0 0.869141 0.005859 0.105469 0.011719
0 0.926758 0.796875 0.146484 0.296875
0 0.963867 0.623047 0.072266 0.093750
0 0.899414 0.672852 0.111328 0.107422
0 0.848633 0.757812 0.080078 0.078125
0 0.811523 0.704102 0.072266 0.076172
0 0.913086 0.982422 0.064453 0.035156
0 0.976562 0.978516 0.046875 0.042969
0 0.868164 0.871094 0.076172 0.093750
0 0.539062 0.781250 0.101562 0.097656
0 0.425781 0.745117 0.113281 0.064453
0 0.439453 0.813477 0.128906 0.080078
0 0.454102 0.946289 0.107422 0.095703
0 0.270508 0.795898 0.095703 0.099609
0 0.250977 0.967773 0.126953 0.064453
0 0.196289 0.241211 0.041016 0.037109
0 0.179688 0.336914 0.062500 0.072266
0 0.027344 0.551758 0.054688 0.177734
