0 0.046875 0.061523 0.054688 0.048828
0 0.068359 0.028320 0.042969 0.033203
0 0.102539 0.052734 0.041016 0.039062
0 0.127930 0.023438 0.041016 0.035156
0 0.065430 0.224609 0.130859 0.289062
0 0.022461 0.639648 0.044922 0.138672
0 0.046875 0.501953 0.093750 0.117188
0 0.159180 0.379883 0.181641 0.134766
0 0.278320 0.352539 0.162109 0.166016
0 0.402344 0.337891 0.144531 0.128906
0 0.144531 0.541016 0.117188 0.125000
0 0.239258 0.543945 0.080078 0.083984
0 0.310547 0.531250 0.101562 0.105469
0 0.401367 0.515625 0.123047 0.109375
0 0.337891 0.620117 0.062500 0.060547
0 0.400391 0.609375 0.070312 0.050781
0 0.427734 0.646484 0.070312 0.050781
0 0.378906 0.666992 0.058594 0.060547
0 0.190430 0.045898 0.048828 0.037109
0 0.289062 0.127930 0.042969 0.041016
0 0.383789 0.113281 0.041016 0.039062
0 0.736328 0.123047 0.292969 0.246094
0 0.925781 0.093750 0.148438 0.187500
0 0.964844 0.273438 0.070312 0.105469
0 0.984375 0.402344 0.031250 0.125000
0 0.859375 0.468750 0.093750 0.085938
0 0.694336 0.487305 0.060547 0.056641
0 0.057617 0.945312 0.115234 0.109375
0 0.363281 0.980469 0.089844 0.039062
0 0.217773 0.994141 0.142578 0.011719
