0 0.129883 0.093750 0.259766 0.187500
0 0.100586 0.238281 0.056641 0.054688
0 0.154297 0.253906 0.085938 0.070312
0 0.035156 0.273438 0.070312 0.105469
0 0.047852 0.402344 0.095703 0.125000
0 0.118164 0.374023 0.107422 0.107422
0 0.189453 0.337891 0.093750 0.078125
0 0.298828 0.373047 0.207031 0.191406
0 0.322266 0.555664 0.222656 0.208984
0 0.337891 0.735352 0.242188 0.154297
0 0.356445 0.850586 0.224609 0.126953
0 0.373047 0.935547 0.222656 0.128906
0 0.566406 0.807617 0.050781 0.044922
0 0.713867 0.648438 0.076172 0.117188
0 0.545898 0.431641 0.056641 0.082031
0 0.481445 0.283203 0.041016 0.039062
0 0.586914 0.330078 0.072266 0.058594
0 0.619141 0.234375 0.054688 0.039062
0 0.801758 0.199219 0.048828 0.042969
0 0.851562 0.187500 0.050781 0.046875
0 0.925781 0.101562 0.062500 0.046875
0 0.964844 0.171875 0.046875 0.042969
