0 0.206055 0.144531 0.095703 0.093750
0 0.109375 0.235352 0.054688 0.044922
0 0.157227 0.312500 0.056641 0.042969
0 0.227539 0.041016 0.099609 0.082031
0 0.325195 0.041992 0.107422 0.083984
0 0.421875 0.028320 0.105469 0.056641
0 0.556641 0.105469 0.042969 0.042969
0 0.709961 0.065430 0.072266 0.068359
0 0.774414 0.030273 0.060547 0.056641
0 0.840820 0.038086 0.064453 0.072266
0 0.928711 0.043945 0.044922 0.044922
0 0.870117 0.256836 0.048828 0.044922
0 0.922852 0.430664 0.107422 0.103516
0 0.901367 0.602539 0.138672 0.162109
0 0.964844 0.562500 0.070312 0.109375
0 0.755859 1.000000 0.062500 0.000000
0 0.141602 0.745117 0.064453 0.064453
0 0.365234 0.688477 0.113281 0.111328
0 0.468750 0.768555 0.058594 0.044922
0 0.388672 0.624023 0.066406 0.064453
0 0.340820 0.815430 0.064453 0.056641
0 0.412109 0.894531 0.082031 0.085938
0 0.081055 0.693359 0.060547 0.054688
0 0.360352 0.426758 0.048828 0.044922
