0 0.108398 0.395508 0.087891 0.080078
0 0.254883 0.360352 0.048828 0.044922
0 0.347656 0.330078 0.085938 0.062500
0 0.458008 0.326172 0.044922 0.054688
0 0.473633 0.404297 0.083984 0.089844
0 0.541016 0.451172 0.121094 0.117188
0 0.018555 0.562500 0.037109 0.109375
0 0.120117 0.694336 0.166016 0.154297
0 0.112305 0.815430 0.138672 0.087891
0 0.678711 0.418945 0.083984 0.048828
0 0.930664 0.346680 0.115234 0.126953
0 0.943359 0.533203 0.113281 0.214844
0 0.922852 0.679688 0.138672 0.179688
0 0.984375 0.683594 0.031250 0.125000
0 0.947266 0.931641 0.105469 0.136719
0 0.868164 0.978516 0.134766 0.042969
