0 0.030273 0.890625 0.060547 0.199219
0 0.286133 0.781250 0.048828 0.046875
0 0.320312 0.762695 0.042969 0.041016
0 0.366211 0.752930 0.044922 0.044922
0 0.412109 0.638672 0.062500 0.054688
0 0.469727 0.632812 0.068359 0.054688
0 0.528320 0.639648 0.060547 0.041016
0 0.464844 0.230469 0.144531 0.148438
0 0.580078 0.209961 0.058594 0.083984
0 0.476562 0.049805 0.039062 0.044922
0 0.782227 0.053711 0.119141 0.099609
0 0.842773 0.401367 0.091797 0.087891
0 0.922852 0.388672 0.083984 0.089844
0 0.864258 0.563477 0.083984 0.083984
0 0.928711 0.583008 0.052734 0.052734
0 0.981445 0.580078 0.037109 0.062500
0 0.514648 0.979492 0.068359 0.041016
0 0.348633 0.996094 0.083984 0.007812
