0 0.293945 0.278320 0.115234 0.107422
0 0.146484 0.161133 0.292969 0.322266
0 0.009766 0.679688 0.019531 0.066406
0 0.035156 0.477539 0.070312 0.091797
0 0.342773 0.432617 0.134766 0.138672
0 0.355469 0.715820 0.074219 0.076172
0 0.359375 0.788086 0.121094 0.103516
0 0.560547 0.474609 0.050781 0.050781
0 0.535156 0.526367 0.042969 0.052734
0 0.543945 0.599609 0.044922 0.050781
0 0.549805 0.676758 0.060547 0.068359
0 0.617188 0.461914 0.066406 0.048828
0 0.683594 0.454102 0.046875 0.048828
0 0.914062 0.901367 0.171875 0.197266
