0 0.920898 0.000977 0.068359 0.001953
0 0.923828 0.016602 0.050781 0.033203
0 0.937500 0.082031 0.078125 0.089844
0 0.911133 0.239258 0.107422 0.103516
0 0.771484 0.253906 0.027344 0.031250
0 0.702148 0.278320 0.044922 0.048828
0 0.648438 0.150391 0.046875 0.054688
0 0.272461 0.208008 0.142578 0.115234
0 0.287109 0.346680 0.253906 0.177734
0 0.311523 0.513672 0.294922 0.242188
0 0.358398 0.763672 0.318359 0.289062
0 0.440430 0.931641 0.177734 0.136719
0 0.160156 0.962891 0.222656 0.074219
0 0.095703 0.889648 0.191406 0.103516
0 0.203125 0.647461 0.000000 0.220703
0 0.036133 0.138672 0.072266 0.089844
0 0.065430 0.391602 0.091797 0.099609
0 0.799805 0.455078 0.083984 0.070312
0 0.916992 0.522461 0.076172 0.064453
0 0.883789 0.447266 0.052734 0.058594
0 0.910156 0.586914 0.097656 0.060547
0 0.937500 0.670898 0.105469 0.099609
0 0.923828 0.759766 0.066406 0.085938
0 0.997070 0.831055 0.005859 0.033203
0 0.966797 0.857422 0.066406 0.070312
0 0.910156 0.904297 0.035156 0.035156
0 0.964844 0.961914 0.070312 0.076172
0 0.535156 0.341797 0.058594 0.039062
