0 0.967773 0.584961 0.064453 0.099609
0 0.955078 0.634766 0.089844 0.093750
0 0.875000 0.620117 0.101562 0.068359
0 0.926758 0.488281 0.146484 0.199219
0 0.807617 0.592773 0.052734 0.033203
0 0.967773 0.749023 0.064453 0.126953
0 0.875000 0.726562 0.121094 0.152344
0 0.724609 0.743164 0.191406 0.216797
0 0.598633 0.678711 0.064453 0.060547
0 0.545898 0.700195 0.095703 0.087891
0 0.497070 0.724609 0.072266 0.109375
0 0.420898 0.708984 0.060547 0.062500
0 0.285156 0.763672 0.171875 0.152344
0 0.098633 0.729492 0.197266 0.291016
0 0.049805 0.538086 0.044922 0.041016
0 0.428711 0.460938 0.037109 0.035156
0 0.516602 0.519531 0.029297 0.031250
0 0.371094 0.562500 0.050781 0.058594
0 0.400391 0.376953 0.097656 0.105469
0 0.057617 0.004883 0.115234 0.009766
0 0.363281 0.022461 0.089844 0.044922
0 0.217773 0.055664 0.142578 0.111328
0 0.112305 0.074219 0.119141 0.113281
0 0.052734 0.140625 0.105469 0.140625
0 0.006836 0.181641 0.013672 0.097656
0 0.007812 1.000000 0.015625 0.000000
0 0.116211 0.979492 0.232422 0.041016
0 0.437500 0.928711 0.367188 0.142578
0 0.996094 0.935547 0.007812 0.046875
