0 0.373047 0.013672 0.222656 0.027344
0 0.389648 0.061523 0.060547 0.060547
0 0.165039 0.089844 0.076172 0.066406
0 0.289062 0.152344 0.066406 0.070312
0 0.972656 0.096680 0.054688 0.052734
0 0.810547 0.041016 0.054688 0.046875
0 0.760742 0.049805 0.056641 0.052734
0 0.709961 0.042969 0.044922 0.050781
0 0.446289 0.312500 0.220703 0.175781
0 0.102539 0.447266 0.072266 0.042969
0 0.104492 0.492188 0.076172 0.058594
0 0.120117 0.566406 0.072266 0.082031
0 0.382812 0.457031 0.058594 0.046875
0 0.387695 0.521484 0.076172 0.066406
0 0.354492 0.576172 0.095703 0.078125
0 0.290039 0.601562 0.099609 0.082031
0 0.020508 0.584961 0.041016 0.099609
0 0.057617 0.581055 0.072266 0.068359
0 0.008789 0.634766 0.017578 0.093750
0 0.013672 0.488281 0.027344 0.199219
0 0.178711 0.711914 0.173828 0.177734
0 0.036133 0.749023 0.072266 0.126953
0 0.018555 0.935547 0.037109 0.046875
0 0.085938 0.914062 0.042969 0.042969
0 0.107422 0.987305 0.105469 0.025391
0 0.040039 0.994141 0.044922 0.011719
0 0.233398 0.917969 0.044922 0.066406
0 0.537109 0.979492 0.132812 0.041016
0 0.748047 0.961914 0.113281 0.076172
0 0.758789 0.425781 0.103516 0.097656
0 0.907227 0.466797 0.060547 0.042969
0 0.947266 0.464844 0.027344 0.023438
0 0.981445 0.461914 0.037109 0.029297
0 0.854492 0.534180 0.068359 0.068359
0 0.881836 0.791992 0.103516 0.107422
0 0.972656 0.768555 0.054688 0.134766
