0 0.025391 0.000000 0.035156 0.000000
0 0.875977 0.170898 0.052734 0.052734
0 0.986328 0.098633 0.027344 0.076172
0 0.647461 0.162109 0.107422 0.101562
0 0.503906 0.191406 0.070312 0.066406
0 0.578125 0.283203 0.054688 0.054688
0 0.643555 0.267578 0.052734 0.062500
0 0.214844 0.214844 0.179688 0.148438
0 0.031250 0.263672 0.062500 0.058594
0 0.108398 0.402344 0.080078 0.132812
0 0.961914 0.718750 0.076172 0.117188
0 0.910156 0.803711 0.054688 0.060547
0 0.771484 0.895508 0.089844 0.099609
0 0.666016 0.726562 0.058594 0.074219
0 0.439453 0.838867 0.125000 0.150391
0 0.663086 0.590820 0.025391 0.033203
0 0.671875 0.632812 0.019531 0.035156
0 0.414062 0.592773 0.031250 0.029297
0 0.366211 0.523438 0.033203 0.039062
0 0.870117 0.507812 0.048828 0.046875
