0 0.822266 0.192383 0.136719 0.134766
0 0.808594 0.039062 0.054688 0.078125
0 0.615234 0.075195 0.058594 0.052734
0 0.715820 0.165039 0.099609 0.107422
0 0.697266 0.252930 0.121094 0.123047
0 0.218750 0.195312 0.117188 0.160156
0 0.125977 0.243164 0.150391 0.162109
0 0.032227 0.901367 0.064453 0.197266
0 0.189453 0.753906 0.054688 0.058594
0 0.256836 0.382812 0.115234 0.140625
0 0.162109 0.481445 0.097656 0.107422
0 0.708984 0.927734 0.109375 0.125000
0 0.725586 0.980469 0.134766 0.039062
0 0.629883 0.963867 0.119141 0.072266
0 0.500977 0.948242 0.099609 0.095703
0 0.375977 0.950195 0.064453 0.060547
0 0.311523 0.950195 0.044922 0.056641
0 0.217773 0.989258 0.267578 0.021484
