0 0.066406 0.057617 0.132812 0.115234
0 0.444336 0.028320 0.201172 0.056641
0 0.018555 0.302734 0.037109 0.148438
0 0.177734 0.262695 0.132812 0.123047
0 0.394531 0.209961 0.121094 0.111328
0 0.499023 0.200195 0.103516 0.111328
0 0.612305 0.172852 0.052734 0.044922
0 0.614258 0.319336 0.041016 0.041016
0 0.631836 0.926758 0.048828 0.052734
0 0.471680 0.983398 0.095703 0.033203
0 0.718750 0.465820 0.019531 0.017578
0 0.765625 0.401367 0.066406 0.072266
0 0.823242 0.383789 0.087891 0.080078
0 0.869141 0.388672 0.085938 0.046875
0 0.732422 0.179688 0.164062 0.207031
0 0.895508 0.149414 0.208984 0.298828
0 0.967773 0.110352 0.064453 0.220703
0 0.987305 0.717773 0.025391 0.103516
0 0.953125 0.813477 0.093750 0.123047
0 0.780273 0.737305 0.083984 0.115234
0 0.927734 0.960938 0.113281 0.078125
0 0.978516 0.954102 0.042969 0.091797
