0 0.007812 0.149414 0.015625 0.298828
0 0.116211 0.110352 0.232422 0.220703
0 0.068359 0.231445 0.117188 0.111328
0 0.181641 0.235352 0.167969 0.166016
0 0.437500 0.089844 0.367188 0.179688
0 0.624023 0.229492 0.052734 0.037109
0 0.915039 0.703125 0.095703 0.089844
0 0.856445 0.708984 0.080078 0.074219
0 0.791016 0.722656 0.070312 0.128906
0 0.351562 0.741211 0.085938 0.099609
0 0.303711 0.791992 0.107422 0.119141
0 0.060547 0.717773 0.121094 0.103516
0 0.017578 0.813477 0.035156 0.123047
0 0.026367 0.954102 0.052734 0.091797
0 0.851562 0.886719 0.101562 0.097656
