0 0.271484 0.091797 0.128906 0.160156
0 0.471680 0.017578 0.095703 0.035156
0 0.458008 0.077148 0.107422 0.087891
0 0.439453 0.153320 0.101562 0.072266
0 0.012695 0.366211 0.025391 0.103516
0 0.927734 0.026367 0.113281 0.052734
0 0.978516 0.011719 0.042969 0.023438
0 0.648438 0.711914 0.214844 0.216797
0 0.451172 0.629883 0.039062 0.037109
0 0.334961 0.752930 0.279297 0.275391
0 0.050781 0.669922 0.101562 0.097656
0 0.026367 0.732422 0.052734 0.085938
0 0.105469 0.736328 0.136719 0.179688
0 0.028320 0.826172 0.056641 0.144531
0 0.729492 0.916992 0.044922 0.048828
