0 0.549805 0.043945 0.080078 0.087891
0 0.690430 0.026367 0.134766 0.052734
0 0.763672 0.110352 0.164062 0.166016
0 0.730469 0.073242 0.250000 0.146484
0 0.940430 0.128906 0.041016 0.050781
0 0.467773 0.346680 0.146484 0.130859
0 0.006836 0.481445 0.013672 0.228516
0 0.233398 0.665039 0.130859 0.103516
0 0.504883 0.638672 0.056641 0.074219
0 0.107422 0.706055 0.214844 0.158203
0 0.091797 0.995117 0.117188 0.009766
0 0.181641 0.999023 0.070312 0.001953
0 0.133789 0.832031 0.103516 0.109375
0 0.207031 0.798828 0.089844 0.128906
0 0.287109 0.812500 0.085938 0.097656
0 0.371094 0.951172 0.089844 0.097656
0 0.377930 0.787109 0.107422 0.117188
0 0.447266 0.742188 0.082031 0.066406
0 0.624023 0.738281 0.130859 0.132812
0 0.677734 0.857422 0.085938 0.121094
0 0.811523 0.826172 0.103516 0.175781
0 0.841797 0.981445 0.105469 0.037109
0 0.639648 0.975586 0.064453 0.048828
