0 0.048828 0.429688 0.085938 0.082031
0 0.000977 0.502930 0.001953 0.044922
0 0.342773 0.485352 0.302734 0.244141
0 0.486328 0.608398 0.050781 0.052734
0 0.454102 0.630859 0.072266 0.070312
0 0.366211 0.789062 0.240234 0.195312
0 0.121094 0.771484 0.242188 0.203125
0 0.513672 0.949219 0.140625 0.101562
0 0.967773 0.900391 0.064453 0.199219
0 0.978516 0.674805 0.042969 0.064453
0 0.377930 0.128906 0.080078 0.085938
0 0.374023 0.207031 0.060547 0.062500
0 0.301758 0.255859 0.224609 0.218750
0 0.595703 0.202148 0.117188 0.107422
0 0.629883 0.315430 0.177734 0.205078
0 0.560547 0.428711 0.074219 0.064453
0 0.724609 0.456055 0.175781 0.154297
0 0.755859 0.341797 0.109375 0.074219
0 0.874023 0.372070 0.126953 0.150391
0 0.953125 0.352539 0.093750 0.162109
0 0.970703 0.449219 0.058594 0.148438
0 0.012695 0.200195 0.025391 0.232422
0 0.104492 0.197266 0.208984 0.265625
