0 0.027344 0.062500 0.054688 0.101562
0 0.101562 0.483398 0.203125 0.322266
0 0.658203 0.275391 0.062500 0.074219
0 0.878906 0.391602 0.101562 0.103516
0 0.699219 0.424805 0.050781 0.064453
0 0.968750 0.359375 0.050781 0.070312
0 0.007812 0.232422 0.015625 0.039062
0 0.035156 0.694336 0.070312 0.080078
0 0.048828 0.831055 0.039062 0.052734
0 0.664062 0.551758 0.078125 0.103516
0 0.711914 0.585938 0.080078 0.113281
0 0.681641 0.588867 0.093750 0.115234
0 0.743164 0.733398 0.076172 0.076172
0 0.749023 0.875977 0.146484 0.205078
0 0.830078 0.778320 0.097656 0.083984
0 0.887695 0.749023 0.095703 0.048828
0 0.989258 0.760742 0.021484 0.154297
0 0.835938 1.000000 0.179688 0.000000
