0 0.027344 0.209961 0.054688 0.134766
0 0.091797 0.048828 0.117188 0.097656
0 0.181641 0.038086 0.070312 0.076172
0 0.128906 0.167969 0.097656 0.089844
0 0.076172 0.234375 0.109375 0.117188
0 0.371094 0.002930 0.089844 0.005859
0 0.729492 0.103516 0.060547 0.082031
0 0.660156 0.059570 0.093750 0.083984
0 0.841797 0.057617 0.105469 0.115234
0 0.639648 0.006836 0.064453 0.013672
0 0.875977 0.155273 0.166016 0.162109
0 0.626953 0.178711 0.148438 0.154297
0 0.633789 0.298828 0.173828 0.125000
0 0.899414 0.405273 0.119141 0.126953
0 0.665039 0.416992 0.138672 0.169922
0 0.284180 0.703125 0.087891 0.121094
0 0.570312 0.389648 0.015625 0.013672
0 0.553711 0.403320 0.021484 0.021484
0 0.540039 0.400391 0.017578 0.023438
0 0.778320 0.802734 0.173828 0.171875
0 0.934570 0.598633 0.130859 0.142578
0 0.935547 0.734375 0.128906 0.191406
0 0.778320 0.899414 0.173828 0.185547
0 0.707031 0.938477 0.152344 0.123047
