0 0.784180 0.030273 0.103516 0.060547
0 0.538086 0.026367 0.099609 0.052734
0 0.350586 0.054688 0.142578 0.109375
0 0.291016 0.244141 0.164062 0.167969
0 0.312500 0.393555 0.105469 0.103516
0 0.334961 0.500977 0.099609 0.111328
0 0.399414 0.488281 0.025391 0.027344
0 0.204102 0.543945 0.115234 0.130859
0 0.206055 0.666016 0.126953 0.128906
0 0.394531 0.737305 0.222656 0.224609
0 0.224609 0.797852 0.128906 0.142578
0 0.439453 0.920898 0.312500 0.158203
0 0.236328 0.935547 0.058594 0.046875
0 0.862305 0.893555 0.228516 0.166016
0 0.676758 0.797852 0.107422 0.080078
0 0.998047 0.200195 0.003906 0.044922
