0 0.987305 0.235352 0.025391 0.173828
0 0.913086 0.260742 0.083984 0.076172
0 0.846680 0.264648 0.091797 0.119141
0 0.864258 0.317383 0.095703 0.080078
0 0.722656 0.315430 0.355469 0.365234
0 0.835938 0.083008 0.179688 0.166016
0 0.283203 0.060547 0.101562 0.093750
0 0.229492 0.117188 0.048828 0.050781
0 0.400391 0.166992 0.187500 0.181641
0 0.341797 0.172852 0.113281 0.169922
0 0.291992 0.279297 0.212891 0.230469
0 0.373047 0.474609 0.320312 0.238281
0 0.143555 0.475586 0.181641 0.119141
0 0.132812 0.364258 0.097656 0.123047
0 0.030273 0.320312 0.060547 0.300781
0 0.371094 0.753906 0.070312 0.074219
0 0.442383 0.732422 0.080078 0.082031
0 0.433594 0.660156 0.082031 0.078125
0 0.496094 0.641602 0.082031 0.095703
0 0.524414 0.719727 0.080078 0.099609
0 0.616211 0.646484 0.138672 0.117188
0 0.595703 0.702148 0.101562 0.080078
0 0.597656 0.796875 0.089844 0.113281
0 0.665039 0.769531 0.083984 0.101562
0 0.710938 0.694336 0.082031 0.099609
0 0.799805 0.774414 0.099609 0.080078
0 0.768555 0.698242 0.103516 0.115234
0 0.732422 0.657227 0.097656 0.107422
0 0.733398 0.592773 0.076172 0.052734
0 0.884766 0.644531 0.089844 0.105469
0 0.958008 0.570312 0.083984 0.117188
0 0.984375 0.533203 0.031250 0.187500
0 0.483398 0.692383 0.060547 0.048828
