0 0.707031 0.019531 0.152344 0.039062
0 0.590820 0.414062 0.095703 0.109375
0 0.394531 0.491211 0.207031 0.166016
0 0.271484 0.462891 0.144531 0.187500
0 0.176758 0.469727 0.146484 0.189453
0 0.056641 0.807617 0.113281 0.244141
0 0.195312 0.873047 0.066406 0.070312
0 0.247070 0.870117 0.130859 0.095703
0 0.130859 0.876953 0.070312 0.050781
0 0.461914 0.833008 0.083984 0.087891
0 0.515625 0.826172 0.066406 0.085938
0 0.570312 0.805664 0.085938 0.087891
0 0.561523 0.739258 0.080078 0.060547
0 0.446289 0.769531 0.029297 0.027344
