0 0.867188 0.042969 0.261719 0.085938
0 0.605469 0.038086 0.062500 0.072266
0 0.545898 0.021484 0.130859 0.042969
0 0.490234 0.088867 0.160156 0.177734
0 0.267578 0.054688 0.121094 0.109375
0 0.300781 0.147461 0.074219 0.056641
0 0.252930 0.006836 0.111328 0.013672
0 0.130859 0.047852 0.058594 0.080078
0 0.141602 0.185547 0.083984 0.132812
0 0.084961 0.197266 0.044922 0.062500
0 0.034180 0.209961 0.068359 0.091797
0 0.727539 0.510742 0.048828 0.060547
0 0.662109 0.517578 0.054688 0.039062
0 0.155273 0.496094 0.189453 0.148438
0 0.667969 0.764648 0.046875 0.044922
0 0.652344 0.822266 0.035156 0.046875
0 0.686523 0.831055 0.041016 0.052734
0 0.845703 0.958008 0.109375 0.083984
0 0.629883 0.723633 0.033203 0.037109
0 0.737305 0.884766 0.056641 0.066406
