0 0.402344 0.081055 0.273438 0.162109
0 0.665039 0.186523 0.076172 0.056641
0 0.624023 0.243164 0.064453 0.064453
0 0.464844 0.237305 0.242188 0.189453
0 0.174805 0.154297 0.326172 0.285156
0 0.170898 0.352539 0.240234 0.169922
0 0.426758 0.391602 0.138672 0.107422
0 0.541992 0.413086 0.142578 0.095703
0 0.554688 0.499023 0.164062 0.123047
0 0.428711 0.529297 0.154297 0.214844
0 0.589844 0.649414 0.230469 0.232422
0 0.434570 0.691406 0.177734 0.179688
0 0.542969 0.833984 0.281250 0.199219
0 0.263672 0.938477 0.031250 0.044922
