0 0.567383 0.050781 0.189453 0.101562
0 0.604492 0.201172 0.197266 0.167969
0 0.763672 0.227539 0.035156 0.033203
0 0.978516 0.413086 0.042969 0.115234
0 0.633789 0.519531 0.064453 0.066406
0 0.833008 0.531250 0.083984 0.082031
0 0.837891 0.598633 0.093750 0.087891
0 0.568359 0.599609 0.179688 0.179688
0 0.422852 0.625000 0.142578 0.171875
0 0.330078 0.660156 0.085938 0.125000
0 0.291016 0.602539 0.070312 0.080078
0 0.498047 0.398438 0.113281 0.097656
0 0.314453 0.435547 0.128906 0.117188
0 0.099609 0.149414 0.140625 0.123047
0 0.022461 0.332031 0.044922 0.207031
0 0.945312 0.847656 0.058594 0.054688
