0 0.081055 0.162109 0.095703 0.089844
0 0.245117 0.311523 0.220703 0.197266
0 0.408203 0.241211 0.132812 0.146484
0 0.100586 0.590820 0.052734 0.041016
0 0.663086 0.225586 0.162109 0.166016
0 0.806641 0.208008 0.203125 0.228516
0 0.922852 0.152344 0.154297 0.214844
0 1.000000 0.001953 0.000000 0.003906
0 0.888672 0.348633 0.222656 0.193359
0 0.895508 0.489258 0.189453 0.130859
0 0.807617 0.602539 0.044922 0.044922
0 0.899414 0.636719 0.119141 0.164062
0 0.907227 0.818359 0.185547 0.230469
0 0.953125 0.911133 0.093750 0.177734
