0 0.993164 0.020508 0.013672 0.041016
0 0.834961 0.033203 0.076172 0.066406
0 0.098633 0.152344 0.197266 0.214844
0 0.050781 0.001953 0.101562 0.003906
0 0.322266 0.053711 0.093750 0.095703
0 0.222656 0.249023 0.144531 0.138672
0 0.353516 0.218750 0.156250 0.164062
0 0.469727 0.250977 0.162109 0.142578
0 0.066406 0.348633 0.132812 0.193359
0 0.143555 0.504883 0.134766 0.107422
0 0.249023 0.414062 0.173828 0.199219
0 0.346680 0.428711 0.205078 0.205078
0 0.495117 0.393555 0.146484 0.177734
0 0.141602 0.408203 0.087891 0.085938
0 0.476562 0.529297 0.136719 0.128906
0 0.549805 0.742188 0.142578 0.140625
0 0.460938 0.771484 0.074219 0.078125
0 0.577148 0.616211 0.119141 0.107422
0 0.098633 0.779297 0.173828 0.175781
0 0.286133 0.834961 0.201172 0.220703
0 0.012695 0.818359 0.025391 0.230469
0 0.466797 0.900391 0.136719 0.132812
0 0.575195 0.892578 0.095703 0.101562
0 0.429688 0.976562 0.105469 0.046875
0 0.496094 0.992188 0.074219 0.015625
0 0.541992 0.985352 0.099609 0.029297
0 0.588867 0.955078 0.080078 0.085938
0 0.972656 0.273438 0.050781 0.054688
0 0.113281 0.911133 0.226562 0.177734
