0 0.090820 0.377930 0.181641 0.193359
0 0.006836 0.458008 0.013672 0.142578
0 0.070312 0.091797 0.078125 0.066406
0 0.120117 0.127930 0.076172 0.083984
0 0.160156 0.181641 0.085938 0.097656
0 0.219727 0.096680 0.052734 0.048828
0 0.273438 0.090820 0.027344 0.037109
0 0.324219 0.220703 0.136719 0.132812
0 0.314453 0.156250 0.113281 0.105469
0 0.375977 0.145508 0.111328 0.154297
0 0.489258 0.242188 0.123047 0.113281
0 0.300781 0.611328 0.042969 0.046875
0 0.298828 0.667969 0.042969 0.042969
0 0.352539 0.619141 0.087891 0.101562
0 0.411133 0.559570 0.044922 0.052734
0 0.075195 0.811523 0.134766 0.138672
0 0.199219 0.757812 0.101562 0.125000
0 0.247070 0.764648 0.083984 0.103516
0 0.301758 0.775391 0.099609 0.113281
0 0.601562 0.735352 0.078125 0.099609
0 0.670898 0.363281 0.197266 0.179688
0 0.686523 0.482422 0.166016 0.113281
0 0.624023 0.584961 0.068359 0.072266
0 0.724609 0.612305 0.148438 0.146484
0 0.976562 0.427734 0.046875 0.167969
0 0.985352 0.597656 0.029297 0.187500
0 0.146484 0.931641 0.292969 0.136719
