0 0.935547 0.267578 0.128906 0.125000
0 0.971680 0.344727 0.056641 0.068359
0 0.993164 0.392578 0.013672 0.144531
0 0.945312 0.412109 0.074219 0.070312
0 0.959961 0.482422 0.064453 0.058594
0 0.738281 0.322266 0.082031 0.093750
0 0.451172 0.242188 0.054688 0.050781
0 0.345703 0.292969 0.117188 0.105469
0 0.195312 0.091797 0.035156 0.039062
0 0.220703 0.207031 0.046875 0.062500
0 0.172852 0.135742 0.052734 0.044922
0 0.216797 0.463867 0.140625 0.099609
0 0.223633 0.527344 0.146484 0.152344
0 0.800781 0.735352 0.058594 0.068359
0 0.834961 0.913086 0.060547 0.087891
0 0.692383 0.936523 0.080078 0.064453
0 0.625977 0.965820 0.080078 0.068359
0 0.767578 0.965820 0.050781 0.056641
0 0.688477 0.983398 0.173828 0.033203
0 0.771484 0.995117 0.132812 0.009766
0 0.953125 0.087891 0.093750 0.175781
