0 0.751953 0.007812 0.082031 0.015625
0 0.896484 0.022461 0.191406 0.044922
0 0.649414 0.153320 0.357422 0.306641
0 0.852539 0.202148 0.091797 0.087891
0 0.584961 0.348633 0.115234 0.099609
0 0.991211 0.458008 0.017578 0.181641
0 0.973633 0.572266 0.052734 0.101562
0 0.916992 0.519531 0.052734 0.046875
0 0.812500 0.565430 0.046875 0.048828
0 0.271484 0.020508 0.074219 0.041016
0 0.049805 0.036133 0.060547 0.064453
0 0.284180 0.114258 0.263672 0.173828
0 0.333984 0.247070 0.207031 0.193359
0 0.128906 0.131836 0.164062 0.162109
0 0.084961 0.250000 0.169922 0.273438
0 0.261719 0.444336 0.070312 0.095703
0 0.275391 0.514648 0.050781 0.048828
0 0.361328 0.589844 0.191406 0.175781
0 0.451172 0.448242 0.128906 0.138672
0 0.542969 0.693359 0.125000 0.156250
0 0.583984 0.570312 0.148438 0.132812
0 0.631836 0.686523 0.083984 0.111328
0 0.406250 0.750977 0.136719 0.138672
0 0.716797 0.663086 0.128906 0.162109
0 0.809570 0.720703 0.103516 0.082031
0 0.551758 0.995117 0.142578 0.009766
0 0.925781 0.770508 0.000000 0.228516
0 0.876953 0.559570 0.082031 0.083984
0 0.949219 0.903320 0.101562 0.193359
0 0.898438 0.950195 0.160156 0.099609
