0 0.931641 0.080078 0.136719 0.160156
0 0.775391 0.155273 0.109375 0.095703
0 0.668945 0.137695 0.361328 0.275391
0 0.945312 0.330078 0.109375 0.226562
0 0.834961 0.306641 0.173828 0.140625
0 0.152344 0.028320 0.121094 0.056641
0 0.127930 0.209961 0.130859 0.142578
0 0.228516 0.282227 0.167969 0.177734
0 0.290039 0.373047 0.095703 0.093750
0 0.142578 0.458008 0.285156 0.181641
0 0.018555 0.572266 0.037109 0.101562
0 0.232422 0.832031 0.132812 0.125000
0 0.265625 0.729492 0.109375 0.130859
0 0.105469 0.903320 0.210938 0.193359
0 0.399414 0.782227 0.076172 0.095703
0 0.461914 0.857422 0.041016 0.050781
0 0.486328 0.956055 0.035156 0.060547
0 0.292969 0.932617 0.140625 0.134766
0 0.969727 0.527344 0.060547 0.261719
0 0.975586 0.655273 0.048828 0.119141
0 0.775391 0.815430 0.222656 0.224609
