0 0.974609 0.311523 0.050781 0.068359
0 0.925781 0.308594 0.066406 0.078125
0 0.967773 0.545898 0.064453 0.291016
0 0.914062 0.885742 0.070312 0.064453
0 0.930664 0.967773 0.076172 0.064453
0 0.562500 0.310547 0.039062 0.035156
0 0.041016 0.318359 0.054688 0.058594
0 0.039062 0.513672 0.078125 0.101562
0 0.197266 0.518555 0.164062 0.115234
0 0.067383 0.616211 0.134766 0.197266
0 0.030273 0.701172 0.060547 0.308594
0 0.499023 0.638672 0.134766 0.121094
0 0.663086 0.601562 0.169922 0.140625
0 0.007812 0.973633 0.015625 0.052734
0 0.072266 0.974609 0.144531 0.050781
0 0.246094 0.954102 0.214844 0.091797
0 0.416992 0.914062 0.201172 0.171875
0 0.684570 0.920898 0.037109 0.044922
