0 0.625977 0.001953 0.080078 0.003906
0 0.688477 0.077148 0.173828 0.154297
0 0.771484 0.083008 0.132812 0.166016
0 0.858398 0.087891 0.060547 0.058594
0 0.876953 0.235352 0.070312 0.064453
0 0.750977 0.425781 0.064453 0.058594
0 0.555664 0.454102 0.064453 0.056641
0 0.094727 0.071289 0.064453 0.119141
0 0.342773 0.034180 0.044922 0.064453
0 0.011719 0.311523 0.023438 0.068359
0 0.285156 0.477539 0.335938 0.255859
0 0.089844 0.545898 0.179688 0.291016
0 0.648438 0.744141 0.144531 0.183594
0 0.493164 0.744141 0.228516 0.230469
0 0.265625 0.811523 0.222656 0.197266
0 0.147461 0.831055 0.126953 0.166016
0 0.177734 0.978516 0.089844 0.042969
