0 0.828125 0.247070 0.085938 0.099609
0 0.867188 0.091797 0.078125 0.085938
0 0.937500 0.076172 0.101562 0.109375
0 0.673828 0.049805 0.230469 0.099609
0 0.577148 0.088867 0.185547 0.154297
0 0.674805 0.188477 0.072266 0.076172
0 0.958984 0.676758 0.082031 0.123047
0 0.461914 0.320312 0.087891 0.121094
0 0.697266 0.583984 0.082031 0.070312
0 0.689453 0.683594 0.164062 0.132812
0 0.670898 0.773438 0.150391 0.160156
0 0.541992 0.858398 0.080078 0.103516
0 0.517578 0.963867 0.144531 0.072266
0 0.379883 0.084961 0.158203 0.169922
0 0.490234 0.161133 0.085938 0.091797
0 0.575195 0.608398 0.048828 0.064453
0 0.482422 0.631836 0.054688 0.048828
0 0.508789 0.685547 0.056641 0.050781
0 0.540039 0.753906 0.083984 0.066406
