0 0.478516 0.000977 0.058594 0.001953
0 0.938477 0.063477 0.123047 0.126953
0 0.312500 0.022461 0.054688 0.044922
0 0.924805 0.485352 0.150391 0.287109
0 0.863281 0.545898 0.085938 0.095703
0 0.794922 0.530273 0.066406 0.083984
0 0.749023 0.561523 0.103516 0.103516
0 0.836914 0.661133 0.107422 0.091797
0 0.916992 0.708984 0.037109 0.042969
0 0.759766 0.250977 0.132812 0.107422
0 0.818359 0.329102 0.089844 0.103516
0 0.657227 0.283203 0.115234 0.101562
0 0.542969 0.303711 0.105469 0.099609
0 0.472656 0.350586 0.050781 0.068359
0 0.323242 0.377930 0.130859 0.119141
0 0.124023 0.038086 0.095703 0.076172
0 0.025391 0.056641 0.050781 0.089844
0 0.116211 0.351562 0.197266 0.113281
0 0.131836 0.456055 0.138672 0.103516
0 0.151367 0.534180 0.166016 0.138672
0 0.151367 0.669922 0.158203 0.140625
0 0.269531 0.867188 0.136719 0.113281
0 0.565430 0.950195 0.068359 0.076172
0 0.395508 0.929688 0.150391 0.128906
0 0.208008 0.928711 0.169922 0.142578
0 0.039062 0.761719 0.039062 0.054688
0 0.059570 0.902344 0.041016 0.050781
0 0.686523 0.572266 0.103516 0.082031
0 0.317383 0.936523 0.072266 0.095703
