0 0.551758 0.067383 0.142578 0.134766
0 0.949219 0.047852 0.101562 0.095703
0 0.898438 0.055664 0.160156 0.111328
0 0.936523 0.163086 0.126953 0.173828
0 0.783203 0.159180 0.089844 0.095703
0 0.637695 0.203125 0.041016 0.054688
0 0.459961 0.331055 0.044922 0.041016
0 0.766602 0.313477 0.119141 0.103516
0 0.775391 0.557617 0.449219 0.419922
0 0.995117 0.396484 0.009766 0.167969
0 0.939453 0.869141 0.121094 0.160156
0 0.521484 0.915039 0.234375 0.169922
0 0.678711 0.908203 0.251953 0.183594
0 0.546875 0.730469 0.210938 0.265625
0 0.271484 0.823242 0.378906 0.349609
0 0.276367 0.415039 0.095703 0.064453
0 0.198242 0.435547 0.076172 0.066406
0 0.029297 0.838867 0.058594 0.064453
0 0.388672 0.988281 0.175781 0.023438
0 0.957031 0.975586 0.085938 0.048828
