0 0.061523 0.065430 0.072266 0.076172
0 0.914062 0.022461 0.171875 0.044922
0 0.629883 0.099609 0.146484 0.167969
0 0.473633 0.118164 0.232422 0.205078
0 0.031250 0.613281 0.062500 0.171875
0 0.141602 0.481445 0.181641 0.177734
0 0.174805 0.629883 0.146484 0.185547
0 0.201172 0.359375 0.183594 0.140625
0 0.357422 0.302734 0.207031 0.214844
0 0.528320 0.287109 0.177734 0.140625
0 0.747070 0.238281 0.248047 0.226562
0 0.923828 0.323242 0.152344 0.224609
0 0.923828 0.525391 0.152344 0.234375
0 0.971680 0.745117 0.056641 0.212891
0 0.923828 0.932617 0.093750 0.111328
0 0.173828 0.808594 0.160156 0.175781
0 0.207031 0.952148 0.105469 0.091797
