0 0.798828 0.045898 0.144531 0.091797
0 0.570312 0.058594 0.156250 0.117188
0 0.596680 0.160156 0.173828 0.160156
0 0.349609 0.059570 0.078125 0.076172
0 0.357422 0.154297 0.078125 0.089844
0 0.242188 0.114258 0.093750 0.076172
0 0.267578 0.183594 0.097656 0.089844
0 0.327148 0.695312 0.107422 0.125000
0 0.612305 0.344727 0.130859 0.216797
0 0.734375 0.421875 0.187500 0.187500
0 0.753906 0.577148 0.144531 0.146484
0 0.763672 0.267578 0.085938 0.085938
0 0.780273 0.370117 0.076172 0.072266
0 0.707031 0.305664 0.085938 0.095703
0 0.830078 0.227539 0.125000 0.123047
0 0.919922 0.355469 0.117188 0.109375
0 0.922852 0.256836 0.095703 0.099609
0 0.946289 0.172852 0.080078 0.060547
0 0.971680 0.403320 0.056641 0.189453
0 0.739258 0.786133 0.193359 0.181641
0 0.755859 0.937500 0.195312 0.125000
