0 0.884766 0.011719 0.117188 0.023438
0 0.916016 0.059570 0.085938 0.095703
0 0.121094 0.009766 0.175781 0.019531
0 0.047852 0.070312 0.095703 0.140625
0 0.078125 0.171875 0.156250 0.191406
0 0.288086 0.119141 0.291016 0.238281
0 0.369141 0.208984 0.042969 0.046875
0 0.337891 0.280273 0.093750 0.099609
0 0.302734 0.590820 0.113281 0.123047
0 0.473633 0.276367 0.212891 0.228516
0 0.526367 0.468750 0.216797 0.175781
0 0.541016 0.623047 0.191406 0.160156
0 0.691406 0.714844 0.054688 0.066406
0 0.489258 0.758789 0.025391 0.037109
0 0.543945 0.810547 0.091797 0.109375
0 0.586914 0.993164 0.068359 0.013672
