0 0.019531 0.068359 0.027344 0.031250
0 0.484375 0.055664 0.183594 0.111328
0 0.635742 0.059570 0.205078 0.119141
0 0.773438 0.023438 0.062500 0.046875
0 0.929688 0.007812 0.109375 0.015625
0 0.992188 0.009766 0.015625 0.019531
0 0.981445 0.659180 0.037109 0.072266
0 0.940430 0.646484 0.064453 0.050781
0 0.500977 0.523438 0.048828 0.046875
0 0.511719 0.573242 0.070312 0.056641
0 0.577148 0.751953 0.201172 0.164062
0 0.352539 0.779297 0.189453 0.187500
0 0.272461 0.783203 0.099609 0.105469
0 0.267578 0.635742 0.101562 0.107422
0 0.079102 0.742188 0.056641 0.046875
0 0.026367 0.926758 0.044922 0.044922
0 0.057617 0.979492 0.107422 0.041016
0 0.461914 0.929688 0.037109 0.023438
