0 0.093750 0.009766 0.187500 0.019531
0 0.390625 0.247070 0.109375 0.099609
0 0.426758 0.368164 0.126953 0.138672
0 0.461914 0.468750 0.111328 0.101562
0 0.942383 0.432617 0.037109 0.044922
0 0.940430 0.769531 0.060547 0.058594
0 0.761719 0.773438 0.046875 0.058594
0 0.808594 0.751953 0.050781 0.031250
0 0.839844 0.772461 0.039062 0.037109
0 0.639648 0.491211 0.166016 0.150391
0 0.224609 0.589844 0.191406 0.132812
0 0.020508 0.659180 0.041016 0.072266
0 0.417969 0.856445 0.082031 0.064453
0 0.122070 0.782227 0.095703 0.072266
0 0.116211 0.685547 0.119141 0.117188
0 0.142578 0.833008 0.082031 0.072266
