0 0.619141 0.128906 0.121094 0.082031
0 0.972656 0.319336 0.054688 0.048828
0 0.947266 0.270508 0.105469 0.068359
0 0.949219 0.377930 0.101562 0.119141
0 0.943359 0.500977 0.113281 0.130859
0 0.705078 0.459961 0.066406 0.060547
0 0.776367 0.522461 0.146484 0.123047
0 0.832031 0.597656 0.066406 0.062500
0 0.108398 0.534180 0.064453 0.060547
0 0.128906 0.612305 0.097656 0.099609
0 0.110352 0.723633 0.123047 0.130859
0 0.108398 0.900391 0.068359 0.062500
0 0.142578 0.951172 0.136719 0.097656
0 0.785156 0.934570 0.121094 0.130859
0 0.875977 0.975586 0.150391 0.048828
0 0.968750 0.954102 0.062500 0.091797
