0 0.755859 0.036133 0.195312 0.072266
0 0.797852 0.165039 0.142578 0.189453
0 0.836914 0.337891 0.080078 0.101562
0 0.857422 0.451172 0.093750 0.058594
0 0.547852 0.310547 0.060547 0.074219
0 0.103516 0.729492 0.070312 0.072266
0 0.303711 0.694336 0.115234 0.107422
0 0.593750 0.586914 0.113281 0.123047
0 0.620117 0.762695 0.259766 0.201172
0 0.661133 0.955078 0.041016 0.066406
0 0.880859 0.573242 0.226562 0.236328
0 1.000000 0.737305 0.000000 0.025391
0 0.975586 0.844727 0.048828 0.099609
0 0.919922 0.977539 0.160156 0.044922
