0 0.947266 0.251953 0.105469 0.109375
0 0.969727 0.179688 0.060547 0.117188
0 0.971680 0.048828 0.044922 0.035156
0 0.945312 0.102539 0.050781 0.044922
0 0.999023 0.093750 0.001953 0.054688
0 0.818359 0.251953 0.089844 0.093750
0 0.738281 0.284180 0.058594 0.072266
0 0.541016 0.042969 0.082031 0.078125
0 0.558594 0.312500 0.097656 0.074219
0 0.238281 0.019531 0.093750 0.039062
0 0.187500 0.027344 0.085938 0.054688
0 0.128906 0.035156 0.089844 0.070312
0 0.035156 0.764648 0.023438 0.025391
0 0.010742 0.737305 0.021484 0.025391
0 0.024414 0.844727 0.048828 0.099609
0 0.022461 0.977539 0.044922 0.044922
0 0.502930 0.887695 0.083984 0.091797
0 0.656250 0.689453 0.039062 0.046875
