0 0.586914 0.048828 0.068359 0.097656
0 0.009766 0.487305 0.019531 0.208984
0 0.070312 0.542969 0.062500 0.070312
0 0.236328 0.224609 0.207031 0.226562
0 0.166016 0.376953 0.085938 0.117188
0 0.281250 0.402344 0.062500 0.070312
0 0.377930 0.283203 0.052734 0.078125
0 0.435547 0.266602 0.042969 0.041016
0 0.491211 0.247070 0.056641 0.044922
0 0.187500 0.453125 0.058594 0.066406
0 0.227539 0.520508 0.142578 0.130859
0 0.627930 0.230469 0.166016 0.148438
0 0.577148 0.271484 0.134766 0.132812
0 0.481445 0.342773 0.138672 0.150391
0 0.414062 0.396484 0.117188 0.117188
0 0.422852 0.503906 0.056641 0.054688
0 0.445312 0.564453 0.085938 0.089844
0 0.342773 0.649414 0.189453 0.189453
0 0.633789 0.543945 0.271484 0.349609
0 0.574219 0.761719 0.125000 0.140625
0 0.709961 0.841797 0.212891 0.187500
0 0.052734 0.974609 0.089844 0.050781
0 0.365234 0.900391 0.191406 0.199219
0 0.523438 0.938477 0.320312 0.123047
0 0.872070 0.947266 0.087891 0.105469
0 0.937500 0.980469 0.039062 0.039062
