0 0.041992 0.161133 0.083984 0.111328
0 0.054688 0.247070 0.097656 0.099609
0 0.142578 0.026367 0.136719 0.052734
0 0.203125 0.093750 0.132812 0.167969
0 0.218750 0.261719 0.074219 0.078125
0 0.381836 0.206055 0.060547 0.060547
0 0.609375 0.326172 0.117188 0.128906
0 0.785156 0.006836 0.121094 0.013672
0 0.875977 0.084961 0.150391 0.169922
0 0.968750 0.068359 0.062500 0.136719
0 0.941406 0.248047 0.117188 0.253906
0 0.962891 0.367188 0.074219 0.160156
0 0.757812 0.399414 0.062500 0.072266
0 0.687500 0.376953 0.054688 0.066406
0 0.549805 0.445312 0.099609 0.109375
0 0.911133 0.897461 0.068359 0.083984
0 0.979492 0.966797 0.041016 0.066406
0 0.348633 0.708984 0.048828 0.078125
