0 0.052734 0.024414 0.089844 0.048828
0 0.365234 0.000000 0.191406 0.000000
0 0.523438 0.098633 0.320312 0.197266
0 0.370117 0.261719 0.318359 0.250000
0 0.740234 0.277344 0.195312 0.164062
0 0.872070 0.009766 0.087891 0.019531
0 0.937500 0.008789 0.039062 0.017578
0 0.997070 0.452148 0.005859 0.029297
0 0.998047 0.664062 0.003906 0.093750
0 0.970703 0.719727 0.058594 0.091797
0 0.934570 0.750977 0.087891 0.087891
0 0.933594 0.600586 0.132812 0.181641
0 0.866211 0.500977 0.130859 0.087891
0 0.830078 0.416016 0.203125 0.136719
0 0.593750 0.328125 0.050781 0.046875
0 0.660156 0.376953 0.078125 0.058594
0 0.716797 0.475586 0.097656 0.103516
0 0.727539 0.429688 0.087891 0.082031
0 0.508789 0.411133 0.095703 0.083984
0 0.652344 0.490234 0.097656 0.109375
0 0.474609 0.748047 0.042969 0.042969
0 0.134766 0.684570 0.054688 0.083984
