0 0.036133 0.039062 0.044922 0.035156
0 0.126953 0.033203 0.078125 0.066406
0 0.167969 0.119141 0.042969 0.070312
0 0.417969 0.138672 0.050781 0.062500
0 0.485352 0.222656 0.072266 0.062500
0 0.434570 0.276367 0.056641 0.052734
0 0.588867 0.127930 0.048828 0.056641
0 0.671875 0.004883 0.046875 0.009766
0 0.649414 0.282227 0.189453 0.220703
0 0.719727 0.432617 0.091797 0.095703
0 0.998047 0.144531 0.003906 0.054688
0 0.329102 0.631836 0.283203 0.337891
0 0.840820 0.853516 0.076172 0.074219
0 0.509766 0.853516 0.125000 0.097656
0 0.356445 0.882812 0.126953 0.101562
0 0.047852 0.427734 0.029297 0.027344
0 0.009766 0.452148 0.019531 0.029297
0 0.138672 0.565430 0.031250 0.033203
0 0.053711 0.664062 0.107422 0.093750
0 0.121094 0.719727 0.125000 0.107422
0 0.015625 0.719727 0.031250 0.091797
0 0.011719 0.600586 0.023438 0.181641
0 0.692383 0.948242 0.033203 0.044922
