0 0.294922 0.005859 0.066406 0.011719
0 0.051758 0.387695 0.103516 0.314453
0 0.154297 0.093750 0.097656 0.109375
0 0.194336 0.240234 0.091797 0.113281
0 0.279297 0.411133 0.101562 0.107422
0 0.341797 0.397461 0.035156 0.041016
0 0.395508 0.385742 0.037109 0.033203
0 0.448242 0.367188 0.037109 0.031250
0 0.500000 0.361328 0.046875 0.042969
0 0.342773 0.556641 0.087891 0.089844
0 0.451172 0.572266 0.125000 0.097656
0 0.447266 0.714844 0.144531 0.140625
0 0.691406 0.840820 0.128906 0.123047
0 0.541992 0.896484 0.208984 0.199219
0 0.264648 0.953125 0.134766 0.093750
0 0.080078 0.628906 0.148438 0.164062
