0 0.546875 0.024414 0.136719 0.048828
0 0.304688 0.118164 0.234375 0.236328
0 0.065430 0.077148 0.068359 0.060547
0 0.177734 0.071289 0.085938 0.111328
0 0.222656 0.355469 0.085938 0.074219
0 0.366211 0.345703 0.189453 0.164062
0 0.567383 0.401367 0.201172 0.193359
0 0.472656 0.362305 0.117188 0.130859
0 0.465820 0.219727 0.119141 0.166016
0 0.561523 0.167969 0.072266 0.078125
0 0.644531 0.136719 0.085938 0.101562
0 0.691406 0.104492 0.042969 0.044922
0 0.701172 0.197266 0.105469 0.113281
0 0.602539 0.250977 0.087891 0.095703
0 0.838867 0.159180 0.072266 0.083984
0 0.840820 0.103516 0.056641 0.050781
0 0.914062 0.107422 0.062500 0.054688
0 0.971680 0.020508 0.056641 0.041016
0 0.876953 0.029297 0.070312 0.058594
0 0.652344 0.589844 0.078125 0.082031
0 0.554688 0.485352 0.117188 0.107422
0 0.438477 0.779297 0.064453 0.054688
0 0.053711 0.849609 0.107422 0.203125
0 0.329102 0.998047 0.166016 0.003906
