0 0.264648 0.013672 0.134766 0.027344
0 0.224609 0.280273 0.101562 0.083984
0 0.371094 0.104492 0.156250 0.166016
0 0.357422 0.231445 0.050781 0.048828
0 0.359375 0.312500 0.085938 0.078125
0 0.262695 0.370117 0.095703 0.115234
0 0.453125 0.230469 0.156250 0.164062
0 0.725586 0.177734 0.083984 0.070312
0 0.927734 0.162109 0.144531 0.175781
0 0.978516 0.286133 0.042969 0.068359
0 0.952148 0.373047 0.095703 0.125000
0 0.854492 0.382812 0.052734 0.046875
0 0.966797 0.553711 0.066406 0.099609
0 0.915039 0.462891 0.060547 0.070312
0 0.458984 0.458008 0.148438 0.158203
0 0.674805 0.584961 0.064453 0.068359
0 0.603516 0.629883 0.066406 0.056641
0 0.031250 0.962891 0.062500 0.074219
