0 0.114258 0.061523 0.044922 0.037109
0 0.211914 0.018555 0.087891 0.037109
0 0.137695 0.206055 0.130859 0.111328
0 0.838867 0.017578 0.130859 0.035156
0 0.972656 0.019531 0.054688 0.039062
0 0.992188 0.315430 0.015625 0.095703
0 0.948242 0.518555 0.076172 0.068359
0 0.931641 0.850586 0.136719 0.134766
0 0.940430 0.957031 0.103516 0.085938
0 0.191406 0.434570 0.187500 0.166016
0 0.314453 0.477539 0.046875 0.048828
0 0.264648 0.657227 0.123047 0.111328
0 0.355469 0.744141 0.089844 0.097656
0 0.391602 0.876953 0.072266 0.074219
0 0.053711 0.933594 0.107422 0.132812
0 0.310547 0.916016 0.121094 0.105469
0 0.396484 0.994141 0.097656 0.011719
