0 0.329102 0.084961 0.166016 0.169922
0 0.388672 0.318359 0.203125 0.199219
0 0.528320 0.156250 0.091797 0.117188
0 0.613281 0.090820 0.093750 0.091797
0 0.713867 0.089844 0.072266 0.070312
0 0.728516 0.139648 0.089844 0.072266
0 0.615234 0.188477 0.097656 0.099609
0 0.591797 0.250977 0.121094 0.076172
0 0.601562 0.310547 0.101562 0.074219
0 0.771484 0.244141 0.097656 0.097656
0 0.855469 0.199219 0.117188 0.101562
0 0.660156 0.369141 0.167969 0.101562
0 0.813477 0.373047 0.146484 0.136719
0 0.708984 0.202148 0.089844 0.087891
0 0.950195 0.161133 0.099609 0.087891
0 0.584961 0.568359 0.169922 0.214844
0 0.969727 0.575195 0.060547 0.048828
0 0.835938 0.616211 0.058594 0.041016
0 0.632812 0.802734 0.109375 0.109375
0 0.222656 0.794922 0.117188 0.109375
0 0.131836 0.949219 0.119141 0.101562
0 0.034180 0.394531 0.068359 0.089844
0 0.052734 0.529297 0.105469 0.101562
