0 0.243164 0.120117 0.107422 0.099609
0 0.266602 0.056641 0.044922 0.039062
0 0.140625 0.467773 0.089844 0.060547
0 0.036133 0.609375 0.072266 0.132812
0 0.143555 0.566406 0.138672 0.113281
0 0.709961 0.141602 0.126953 0.126953
0 0.881836 0.583984 0.048828 0.058594
0 0.598633 0.662109 0.048828 0.054688
0 0.638672 0.790039 0.070312 0.056641
0 0.924805 0.825195 0.150391 0.212891
0 0.915039 0.694336 0.056641 0.056641
0 0.781250 0.936523 0.332031 0.126953
0 0.812500 0.992188 0.359375 0.015625
0 0.292969 0.598633 0.097656 0.134766
0 0.121094 0.761719 0.179688 0.183594
