0 0.461914 0.160156 0.041016 0.039062
0 0.432617 0.217773 0.064453 0.068359
0 0.688477 0.191406 0.060547 0.082031
0 0.980469 0.010742 0.039062 0.021484
0 0.738281 0.382812 0.125000 0.121094
0 0.302734 0.344727 0.046875 0.052734
0 0.350586 0.401367 0.048828 0.052734
0 0.486328 0.409180 0.187500 0.248047
0 0.779297 0.694336 0.136719 0.126953
0 0.922852 0.678711 0.154297 0.123047
0 0.938477 0.788086 0.123047 0.126953
0 0.530273 0.775391 0.056641 0.054688
0 0.848633 0.876953 0.158203 0.152344
0 0.958984 0.897461 0.082031 0.205078
0 0.038086 0.676758 0.041016 0.041016
0 0.016602 0.724609 0.033203 0.097656
