0 0.104492 0.156250 0.123047 0.101562
0 0.420898 0.164062 0.076172 0.078125
0 0.690430 0.162109 0.283203 0.265625
0 0.981445 0.541992 0.037109 0.287109
0 0.927734 0.454102 0.046875 0.044922
0 0.533203 0.583984 0.074219 0.078125
0 0.641602 0.422852 0.154297 0.111328
0 0.679688 0.667969 0.265625 0.257812
0 0.375977 0.458984 0.044922 0.039062
0 0.421875 0.590820 0.156250 0.173828
0 0.347656 0.635742 0.101562 0.087891
0 0.005859 0.665039 0.011719 0.087891
0 0.367188 0.924805 0.171875 0.150391
0 0.598633 0.931641 0.052734 0.054688
0 0.708008 0.939453 0.068359 0.074219
