0 0.233398 0.035156 0.060547 0.070312
0 0.944336 0.041016 0.111328 0.082031
0 0.994141 0.327148 0.011719 0.162109
0 0.977539 0.347656 0.033203 0.039062
0 0.125000 0.541992 0.250000 0.287109
0 0.370117 0.616211 0.287109 0.189453
0 0.428711 0.758789 0.220703 0.189453
0 0.245117 0.660156 0.130859 0.156250
0 0.119141 0.726562 0.113281 0.132812
0 0.178711 0.819336 0.095703 0.091797
0 0.264648 0.896484 0.076172 0.066406
0 0.383789 0.848633 0.083984 0.091797
0 0.507812 0.862305 0.128906 0.095703
0 0.486328 0.928711 0.117188 0.083984
0 0.996094 0.938477 0.007812 0.123047
