0 0.940430 0.008789 0.103516 0.017578
0 0.053711 0.041016 0.107422 0.082031
0 0.301758 0.027344 0.052734 0.050781
0 0.396484 0.041016 0.097656 0.082031
0 0.278320 0.186523 0.205078 0.208984
0 0.430664 0.146484 0.166016 0.156250
0 0.061523 0.327148 0.123047 0.162109
0 0.913086 0.162109 0.111328 0.136719
0 0.846680 0.271484 0.103516 0.121094
0 0.961914 0.259766 0.076172 0.089844
0 0.552734 0.694336 0.148438 0.189453
0 0.100586 0.543945 0.072266 0.060547
0 0.118164 0.631836 0.072266 0.072266
0 0.080078 0.938477 0.160156 0.123047
0 0.172852 0.886719 0.048828 0.046875
0 0.453125 0.997070 0.164062 0.005859
0 0.426758 0.909180 0.177734 0.181641
0 0.597656 0.882812 0.164062 0.183594
0 0.633789 0.984375 0.150391 0.031250
0 0.754883 0.888672 0.060547 0.035156
0 0.823242 0.872070 0.056641 0.037109
0 0.614258 0.431641 0.048828 0.035156
