0 0.024414 0.259766 0.048828 0.089844
0 0.221680 0.173828 0.138672 0.128906
0 0.742188 0.098633 0.039062 0.044922
0 0.705078 0.204102 0.031250 0.037109
0 0.893555 0.033203 0.162109 0.066406
0 0.991211 0.117188 0.017578 0.066406
0 0.853516 0.480469 0.046875 0.054688
0 0.903320 0.541016 0.044922 0.035156
0 0.472656 0.456055 0.089844 0.083984
0 0.464844 0.531250 0.097656 0.046875
0 0.341797 0.554688 0.136719 0.160156
0 0.353516 0.667969 0.097656 0.054688
0 0.409180 0.606445 0.052734 0.056641
0 0.298828 0.468750 0.074219 0.058594
0 0.221680 0.500000 0.076172 0.078125
0 0.124023 0.969727 0.048828 0.060547
