0 0.131836 0.024414 0.119141 0.048828
0 0.279297 0.055664 0.058594 0.060547
0 0.583984 0.129883 0.171875 0.138672
0 0.307617 0.179688 0.044922 0.042969
0 0.597656 0.251953 0.175781 0.132812
0 0.634766 0.373047 0.183594 0.187500
0 0.962891 0.248047 0.074219 0.082031
0 0.697266 0.770508 0.054688 0.044922
0 0.665039 0.595703 0.037109 0.042969
0 0.956055 0.962891 0.087891 0.074219
0 0.360352 0.431641 0.228516 0.207031
0 0.373047 0.560547 0.171875 0.109375
0 0.382812 0.696289 0.179688 0.185547
0 0.443359 0.876953 0.292969 0.246094
