0 0.066406 0.229492 0.066406 0.048828
0 0.367188 0.017578 0.171875 0.035156
0 1.000000 0.119141 0.000000 0.082031
0 0.728516 0.318359 0.128906 0.128906
0 0.621094 0.432617 0.113281 0.134766
0 0.642578 0.533203 0.078125 0.082031
0 0.880859 0.792969 0.199219 0.253906
0 0.673828 0.806641 0.253906 0.300781
0 0.466797 0.845703 0.285156 0.308594
0 0.387695 0.569336 0.029297 0.029297
0 0.075195 0.479492 0.150391 0.205078
0 0.199219 0.897461 0.125000 0.103516
0 0.042969 0.924805 0.085938 0.150391
0 0.545898 0.976562 0.197266 0.046875
