0 0.124023 0.009766 0.048828 0.019531
0 0.371094 0.076172 0.105469 0.121094
0 0.309570 0.216797 0.103516 0.082031
0 0.239258 0.296875 0.064453 0.062500
0 0.327148 0.451172 0.123047 0.109375
0 0.229492 0.472656 0.060547 0.062500
0 0.349609 0.296875 0.101562 0.117188
0 0.436523 0.232422 0.142578 0.132812
0 0.465820 0.296875 0.111328 0.097656
0 0.432617 0.402344 0.103516 0.093750
0 0.496094 0.353516 0.050781 0.066406
0 0.645508 0.280273 0.064453 0.052734
0 0.701172 0.119141 0.062500 0.062500
0 0.531250 0.507812 0.085938 0.089844
0 0.378906 0.635742 0.097656 0.115234
0 0.210938 0.574219 0.078125 0.078125
0 0.974609 0.413086 0.050781 0.052734
0 0.982422 0.661133 0.035156 0.083984
0 0.875000 0.704102 0.058594 0.056641
0 0.919922 0.742188 0.058594 0.074219
0 0.756836 0.779297 0.119141 0.078125
0 0.748047 0.914062 0.097656 0.089844
0 0.437500 0.968750 0.042969 0.062500
